0.6583868265151978 
0.4326837658882141 
0.34921902418136597 
0.34658464789390564 
0.321796715259552 
0.4081174433231354 
0.3566041588783264 
0.3584187626838684 
0.37477320432662964 
0.36647745966911316 
0.37608394026756287 
0.3714395761489868 
0.42005807161331177 
0.359848290681839 
0.39591386914253235 
0.34992504119873047 
0.39812415838241577 
0.3602933883666992 
0.41476646065711975 
0.3446047008037567 
0.3931034207344055 
0.33114492893218994 
0.38020333647727966 
0.2941230833530426 
0.39794260263442993 
0.3305753171443939 
0.3964206576347351 
0.2977125644683838 
0.384965717792511 
0.3249567449092865 
0.3341667056083679 
0.3235488533973694 
0.3494240641593933 
0.32955750823020935 
0.35650208592414856 
0.30193981528282166 
0.32870039343833923 
0.28212350606918335 
0.36104393005371094 
0.32934215664863586 
0.3479389548301697 
0.283308207988739 
0.3253644108772278 
0.28944066166877747 
0.3477434515953064 
0.30419737100601196 
0.3432113528251648 
0.30901217460632324 
0.31500065326690674 
0.30797332525253296 
0.31476035714149475 
0.27480393648147583 
0.31580308079719543 
0.3171672821044922 
0.3110651969909668 
0.2987838685512543 
0.3098873794078827 
0.31274691224098206 
0.33618849515914917 
0.25641506910324097 
0.30300578474998474 
0.30024832487106323 
0.2729737460613251 
0.28144311904907227 
0.29611068964004517 
0.2668718695640564 
0.2940801978111267 
0.2706299424171448 
0.3098180592060089 
0.21913273632526398 
0.2903180420398712 
0.306050568819046 
0.29836010932922363 
0.2748188376426697 
0.29277127981185913 
0.3355969488620758 
0.29473620653152466 
0.24740596115589142 
0.3042571544647217 
0.3128815293312073 
0.28800278902053833 
0.30453985929489136 
0.3202720284461975 
0.24918921291828156 
0.3146485984325409 
0.282320499420166 
0.2795353829860687 
0.27546587586402893 
0.3126281499862671 
0.2839670777320862 
0.28440284729003906 
0.30636730790138245 
0.2801864445209503 
0.2590203583240509 
0.2783094048500061 
0.336465448141098 
0.2656063437461853 
0.288237601518631 
0.2817891240119934 
0.27933233976364136 
0.23858121037483215 
0.34806981682777405 
0.30761319398880005 
0.2697417438030243 
0.2587260603904724 
0.20776060223579407 
0.23886513710021973 
0.21293392777442932 
0.2929815649986267 
0.2857379913330078 
0.28777626156806946 
0.27587026357650757 
0.2978934645652771 
0.29316723346710205 
0.2339727133512497 
0.24195554852485657 
0.24920371174812317 
0.22203627228736877 
0.2855094373226166 
0.236005038022995 
0.2691609263420105 
0.207567498087883 
0.2973235845565796 
0.24592415988445282 
0.2712318003177643 
0.2697753608226776 
0.3414892554283142 
0.24897995591163635 
0.25494009256362915 
0.24452240765094757 
0.29333487153053284 
0.21858039498329163 
0.29669180512428284 
0.2306041419506073 
0.24150077998638153 
0.22607937455177307 
0.29044032096862793 
0.239863783121109 
0.30279725790023804 
0.25135812163352966 
0.28274452686309814 
0.24327531456947327 
0.2731517553329468 
0.2392260730266571 
0.32572782039642334 
0.31191128492355347 
0.24003374576568604 
0.23260673880577087 
0.28247642517089844 
0.28365039825439453 
0.20614179968833923 
0.23236756026744843 
0.24631503224372864 
0.27552974224090576 
0.25482282042503357 
0.21391233801841736 
0.2969064712524414 
0.2551977336406708 
0.2911590039730072 
0.2426886260509491 
0.32935696840286255 
0.19861532747745514 
0.24458341300487518 
0.2338373363018036 
0.30420777201652527 
0.24486306309700012 
0.2539213299751282 
0.29980409145355225 
0.25970765948295593 
0.2425018846988678 
0.3071306049823761 
0.25387901067733765 
0.29699239134788513 
0.26474684476852417 
0.3383461833000183 
0.20819918811321259 
0.37074366211891174 
0.22852087020874023 
0.36027321219444275 
0.2549295127391815 
0.31207913160324097 
0.19642341136932373 
0.2586444020271301 
0.2500361502170563 
0.25238388776779175 
0.26293641328811646 
0.266265332698822 
0.25191545486450195 
0.31425341963768005 
0.22332563996315002 
0.28809717297554016 
0.23064926266670227 
0.24637004733085632 
0.24487976729869843 
0.30332309007644653 
0.18985450267791748 
0.2557182013988495 
0.18555960059165955 
0.2819811701774597 
0.2605862319469452 
0.2789158821105957 
0.2595977783203125 
0.30910322070121765 
0.21385493874549866 
0.28134337067604065 
0.19950780272483826 
0.29698196053504944 
0.19128559529781342 
0.27214062213897705 
0.2619992792606354 
0.23962584137916565 
0.22195009887218475 
0.2597509026527405 
0.22341355681419373 
0.24929361045360565 
0.2563249170780182 
0.26092809438705444 
0.22339749336242676 
0.25287574529647827 
0.2226014882326126 
0.2849164605140686 
0.24606510996818542 
0.29205721616744995 
0.270332396030426 
0.21967081725597382 
0.2166675329208374 
0.27729639410972595 
0.1784287393093109 
0.24366495013237 
0.2257913053035736 
0.2105831652879715 
0.21207654476165771 
0.34178146719932556 
0.2677435278892517 
0.26791059970855713 
0.21566393971443176 
0.26109835505485535 
0.20875921845436096 
0.26148682832717896 
0.19312730431556702 
0.2775624394416809 
0.2133241891860962 
0.19093722105026245 
0.1735304296016693 
0.2473629266023636 
0.21192093193531036 
0.2681315541267395 
0.15374118089675903 
0.22345216572284698 
0.2276720106601715 
0.2179105579853058 
0.20410220324993134 
0.22145132720470428 
0.2160893976688385 
0.22453860938549042 
0.24472494423389435 
0.27344226837158203 
0.22020025551319122 
0.23218350112438202 
0.23353326320648193 
0.2689409554004669 
0.1471048891544342 
0.19553470611572266 
0.2034701406955719 
0.17524172365665436 
0.15917693078517914 
0.18793950974941254 
0.19335077702999115 
0.1855774074792862 
0.15631413459777832 
0.20117148756980896 
0.22844083607196808 
0.1730552762746811 
0.16901466250419617 
0.20832867920398712 
0.21587710082530975 
0.18457190692424774 
0.17913787066936493 
0.18092843890190125 
0.17186376452445984 
0.20196866989135742 
0.16905279457569122 
0.21897689998149872 
0.15068629384040833 
0.20075805485248566 
0.13281887769699097 
0.18104547262191772 
0.17152754962444305 
0.18302902579307556 
0.19019941985607147 
0.17757323384284973 
0.16596433520317078 
0.17163525521755219 
0.14720965921878815 
0.16541126370429993 
0.16058719158172607 
0.14311674237251282 
0.18759216368198395 
0.15130016207695007 
0.12927761673927307 
0.16765981912612915 
0.1790720522403717 
0.1467462182044983 
0.15146031975746155 
0.16803927719593048 
0.1515091508626938 
0.146861270070076 
0.16629955172538757 
0.1356806606054306 
0.14357219636440277 
0.15246306359767914 
0.1606365144252777 
0.14900842308998108 
0.14419806003570557 
0.14255741238594055 
0.10951931774616241 
0.15125390887260437 
0.13179796934127808 
0.16727282106876373 
0.14145591855049133 
0.14228111505508423 
0.15661944448947906 
0.13485601544380188 
0.1333594173192978 
0.13789072632789612 
0.1841088831424713 
0.10907462984323502 
0.14843496680259705 
0.13866956532001495 
0.1562400758266449 
0.12584826350212097 
0.12395350635051727 
0.12897509336471558 
0.13867726922035217 
0.12158185243606567 
0.128696471452713 
0.1193646639585495 
0.1342274695634842 
0.11566032469272614 
0.11945287883281708 
0.10869435220956802 
0.14858746528625488 
0.1557997167110443 
0.1269892305135727 
0.12800560891628265 
0.09578300267457962 
0.16666391491889954 
0.12527965009212494 
0.10439334809780121 
0.1248122900724411 
0.12475939095020294 
0.12184993177652359 
0.09386162459850311 
0.11892670392990112 
0.11167170852422714 
0.10710791498422623 
0.11844482272863388 
0.13738596439361572 
0.1274982988834381 
0.11966804414987564 
0.13230514526367188 
0.12845048308372498 
0.12365734577178955 
0.10582289844751358 
0.10256479680538177 
0.1080109030008316 
0.12014875560998917 
0.12948307394981384 
0.07914268225431442 
0.10523847490549088 
0.12901122868061066 
0.10835643857717514 
0.12247206270694733 
0.10749564319849014 
0.09789644181728363 
0.09580074995756149 
0.13218292593955994 
0.10315172374248505 
0.1590869426727295 
0.12798544764518738 
0.15089337527751923 
0.08578640222549438 
0.12275393307209015 
0.11068005859851837 
0.11353130638599396 
0.08522732555866241 
0.09533486515283585 
0.10866117477416992 
0.11163955926895142 
0.10258843004703522 
0.09664551913738251 
0.152688130736351 
0.1085747480392456 
0.11629007011651993 
0.11677160114049911 
0.13074538111686707 
0.113263800740242 
0.10988124459981918 
0.10229754447937012 
0.11193114519119263 
0.09184908866882324 
0.07989062368869781 
0.12546080350875854 
0.1019349917769432 
0.11286316066980362 
0.11358307301998138 
0.11199826002120972 
0.08734741061925888 
0.07997120916843414 
0.1286228597164154 
0.11202751100063324 
0.11390886455774307 
0.08670876920223236 
0.11840301752090454 
0.0694475769996643 
0.10136838257312775 
0.09477949887514114 
0.10542955249547958 
0.10025246441364288 
0.10873149335384369 
0.10182493925094604 
0.0867210403084755 
0.10437166690826416 
0.0834694653749466 
0.13813088834285736 
0.0965532511472702 
0.10568426549434662 
0.12307117879390717 
0.11167927086353302 
0.09733016788959503 
0.09728386998176575 
0.0882662981748581 
0.11311565339565277 
0.11950153112411499 
0.09493835270404816 
0.09801910817623138 
0.14908213913440704 
0.09464146196842194 
0.10169178247451782 
0.08158285170793533 
0.09453661739826202 
0.10661884397268295 
0.0951070636510849 
0.09187451750040054 
0.08181644231081009 
0.12637194991111755 
0.08926220238208771 
0.10506589710712433 
0.07906440645456314 
0.12209452688694 
0.07028555870056152 
0.09060303121805191 
0.0859144777059555 
0.1005396619439125 
0.08421842008829117 
0.0971878319978714 
0.10162273794412613 
0.11327902227640152 
0.06769073009490967 
0.10899902880191803 
0.08670111000537872 
0.09802890568971634 
0.1044003963470459 
0.10388773679733276 
0.08803420513868332 
0.10366622358560562 
0.09049232304096222 
0.09344447404146194 
0.09124203026294708 
0.07286081463098526 
0.09966885298490524 
0.08698202669620514 
0.10123021900653839 
0.10625866800546646 
0.09022696316242218 
0.07631906867027283 
0.07954304665327072 
0.09057117998600006 
0.09757639467716217 
0.10065551102161407 
0.11042634397745132 
0.07401128113269806 
0.11662467569112778 
0.09305267035961151 
0.0947774201631546 
0.09260158985853195 
0.08148574084043503 
0.10357626527547836 
0.12482377141714096 
0.0829065591096878 
0.07213838398456573 
0.12734121084213257 
0.0925951600074768 
0.08235100656747818 
0.10527282953262329 
0.09218333661556244 
0.07973574846982956 
0.12389978021383286 
0.0974956527352333 
0.10185594856739044 
0.07557368278503418 
0.10535790026187897 
0.0640396699309349 
0.12132017314434052 
0.08825226128101349 
0.0888218879699707 
0.08336329460144043 
0.07085328549146652 
0.09265580028295517 
0.09308057278394699 
0.11960212886333466 
0.10681413114070892 
0.08225952088832855 
0.07289589941501617 
0.0767301470041275 
0.09706313908100128 
0.08880075067281723 
0.07800916582345963 
0.10311079025268555 
0.07514780014753342 
0.0840238630771637 
0.07573771476745605 
0.08853517472743988 
0.09433901309967041 
0.09045937657356262 
0.09678603708744049 
0.0867704302072525 
0.10178198665380478 
0.09243076294660568 
0.15553928911685944 
0.08900479972362518 
0.10978198051452637 
0.08028778433799744 
0.12605778872966766 
0.09818202257156372 
0.08774952590465546 
0.08934216946363449 
0.13040810823440552 
0.08853460848331451 
0.10372712463140488 
0.12256443500518799 
0.09801077842712402 
0.10779322683811188 
0.09852275252342224 
0.081372931599617 
0.13283076882362366 
0.10973795503377914 
0.09579135477542877 
0.09039460867643356 
0.11113842576742172 
0.1014941930770874 
0.11669286340475082 
0.08658913522958755 
0.08842889219522476 
0.10753466188907623 
0.0875738114118576 
0.12079700082540512 
0.07969321310520172 
0.10933252424001694 
0.14749681949615479 
0.07125712931156158 
0.10545472055673599 
0.11727648973464966 
0.09892815351486206 
0.10582245886325836 
0.08710303157567978 
0.09511766582727432 
0.10212729126214981 
0.08502282202243805 
0.1126142293214798 
0.1014578714966774 
0.12419527769088745 
0.0661790668964386 
0.12818962335586548 
0.08905457705259323 
0.07973956316709518 
0.11135737597942352 
0.09504716843366623 
0.12808632850646973 
0.12262221425771713 
0.09084557741880417 
0.1054641380906105 
0.10776617377996445 
0.08348572999238968 
0.11819038540124893 
0.11494994163513184 
0.11197391897439957 
0.12134470790624619 
0.10826528072357178 
0.11630406230688095 
0.11321449279785156 
0.09880746901035309 
0.07858173549175262 
0.14590780436992645 
0.12803955376148224 
0.1162489503622055 
0.0968688353896141 
0.10776257514953613 
0.12685206532478333 
0.09863010048866272 
0.13037627935409546 
0.0935734212398529 
0.10652496665716171 
0.12877006828784943 
0.1443507969379425 
0.12446169555187225 
0.11196377128362656 
0.12190202623605728 
0.11419312655925751 
0.10713382810354233 
0.1354610174894333 
0.09768355637788773 
0.11550097167491913 
0.12574785947799683 
0.12932468950748444 
0.1306881308555603 
0.10468845069408417 
0.09740670025348663 
0.10942170768976212 
0.12785734236240387 
0.10788917541503906 
0.10375716537237167 
0.12754473090171814 
0.12085239589214325 
0.12278586626052856 
0.1284259557723999 
0.13886384665966034 
0.1387823224067688 
0.12559811770915985 
0.13800092041492462 
0.10668035596609116 
0.10731961578130722 
0.14442768692970276 
0.12405097484588623 
0.11736001819372177 
0.12156139314174652 
0.17310796678066254 
0.15964122116565704 
0.12750811874866486 
0.12415627390146255 
0.14396120607852936 
0.15939225256443024 
0.12685853242874146 
0.1079932451248169 
0.10955139249563217 
0.10474947839975357 
0.12577420473098755 
0.14372926950454712 
0.11724879592657089 
0.12366292625665665 
0.1128542572259903 
0.12251077592372894 
0.12507909536361694 
0.14482663571834564 
0.11235953867435455 
0.1469115912914276 
0.12982496619224548 
0.1325584501028061 
0.13976912200450897 
0.1241605281829834 
0.11533202975988388 
0.13758905231952667 
0.10844273865222931 
0.09531612694263458 
0.09853272885084152 
0.14170606434345245 
0.14786289632320404 
0.13064374029636383 
0.11847782135009766 
0.10956140607595444 
0.10960109531879425 
0.13624867796897888 
0.09228864312171936 
0.10648836195468903 
0.09596608579158783 
0.12201958894729614 
0.09163914620876312 
0.11431684345006943 
0.11471231281757355 
0.10407309234142303 
0.14573128521442413 
0.07558827102184296 
0.1284421980381012 
0.08434168994426727 
0.10127848386764526 
0.10825033485889435 
0.14936286211013794 
0.11420907080173492 
0.1323072612285614 
0.15441416203975677 
0.11539418995380402 
0.11072524636983871 
0.17204348742961884 
0.11113240569829941 
0.132751002907753 
0.10619153082370758 
0.1331653594970703 
0.10933033376932144 
0.10692952573299408 
0.15041416883468628 
0.1093001514673233 
0.1493779569864273 
0.09810812771320343 
0.12148328870534897 
0.11596061289310455 
0.17487846314907074 
0.10332105308771133 
0.11905848979949951 
0.134226456284523 
0.1285654753446579 
0.12100966274738312 
0.14767643809318542 
0.12881171703338623 
0.1119595542550087 
0.12338336557149887 
0.11040167510509491 
0.1213473454117775 
0.13899162411689758 
0.11056385934352875 
0.1131260022521019 
0.1141454204916954 
0.11816523224115372 
0.1219150573015213 
0.13061922788619995 
0.11095698177814484 
0.11057128012180328 
0.12928500771522522 
0.07808945327997208 
0.1266685426235199 
0.1313011348247528 
0.10206816345453262 
0.13699330389499664 
0.11080324649810791 
0.11369629949331284 
0.16314108669757843 
0.11726775020360947 
0.07750797271728516 
0.1265372335910797 
0.07283644378185272 
0.11729715019464493 
0.1321079134941101 
0.11573823541402817 
0.08989348262548447 
0.09389045089483261 
0.1044335812330246 
0.09852688014507294 
0.14969496428966522 
0.12974973022937775 
0.1289791762828827 
0.10833178460597992 
0.10237592458724976 
0.11127404868602753 
0.12228715419769287 
0.11835744231939316 
0.09611622989177704 
0.11216595023870468 
0.10033613443374634 
0.12089071422815323 
0.09205658733844757 
0.11236969381570816 
0.10747607797384262 
0.08534092456102371 
0.10487516969442368 
0.14087197184562683 
0.11282908916473389 
0.13652732968330383 
0.07195784896612167 
0.1447630673646927 
0.061367303133010864 
0.10130824148654938 
0.13360212743282318 
0.11628283560276031 
0.13355974853038788 
0.10147325694561005 
0.13146914541721344 
0.07883577793836594 
0.13191916048526764 
0.08138051629066467 
0.11030087620019913 
0.12432122230529785 
0.059239547699689865 
0.13303537666797638 
0.0910893976688385 
0.11611287295818329 
0.14051347970962524 
0.12425681203603745 
0.08535801619291306 
0.13400864601135254 
0.10288872569799423 
0.08945019543170929 
0.10862182080745697 
0.13656306266784668 
0.10047660022974014 
0.09197777509689331 
0.10635094344615936 
0.11367923021316528 
0.09568025916814804 
0.09702496230602264 
0.12343420833349228 
0.134968101978302 
0.08446122705936432 
0.170184925198555 
0.07831345498561859 
0.12399335950613022 
0.08480288088321686 
0.12065321207046509 
0.1037091463804245 
0.12311424314975739 
0.11983202397823334 
0.09009568393230438 
0.10672499984502792 
0.09606855362653732 
0.12841209769248962 
0.11790671199560165 
0.10841987282037735 
0.10448756068944931 
0.13707022368907928 
0.09309013187885284 
0.10863341391086578 
0.11621620506048203 
0.07330794632434845 
0.09055215120315552 
0.08653005212545395 
0.14934980869293213 
0.10605649650096893 
0.13451632857322693 
0.09559837728738785 
0.12316374480724335 
0.10960898548364639 
0.12513980269432068 
0.09317772835493088 
0.11410913616418839 
0.11218474805355072 
0.10450353473424911 
0.09139411151409149 
0.13578297197818756 
0.10876228660345078 
0.14191606640815735 
0.09868131577968597 
0.10142385959625244 
0.1054120883345604 
0.09866447001695633 
0.09086928516626358 
0.12427514791488647 
0.1286775767803192 
0.10090495645999908 
0.1712915003299713 
0.09368612617254257 
0.1377612054347992 
0.11988544464111328 
0.1276809126138687 
0.13353918492794037 
0.12142835557460785 
0.11435198783874512 
0.11001665890216827 
0.13933120667934418 
0.10351081192493439 
0.11980561167001724 
0.08664963394403458 
0.11878571659326553 
0.1073114275932312 
0.10909999907016754 
0.0920674055814743 
0.09828569740056992 
0.08075551688671112 
0.08186930418014526 
0.09879489243030548 
0.08595640957355499 
0.08595871180295944 
0.09933829307556152 
0.10390345752239227 
0.11718441545963287 
0.09902839362621307 
0.08650051057338715 
0.1261141002178192 
0.10477360337972641 
0.1378178745508194 
0.13997693359851837 
0.10978003591299057 
0.09872975200414658 
0.1174541711807251 
0.12600108981132507 
0.10119640827178955 
0.1352262943983078 
0.12068035453557968 
0.09408626705408096 
0.08734781295061111 
0.10189489275217056 
0.09927411377429962 
0.14130106568336487 
0.1452864706516266 
0.1121257096529007 
0.11194205284118652 
0.12146276235580444 
0.08935325592756271 
0.09969764947891235 
0.12489324808120728 
0.11903933435678482 
0.10640336573123932 
0.13044676184654236 
0.10361284017562866 
0.11345676332712173 
0.09714128077030182 
0.10719965398311615 
0.0709710493683815 
0.10495861619710922 
0.09214846789836884 
0.13340650498867035 
0.07321247458457947 
0.06929342448711395 
0.11603107303380966 
0.09736920148134232 
0.09320010989904404 
0.14498263597488403 
0.10180526971817017 
0.15320883691310883 
0.10625408589839935 
0.10254307836294174 
0.11035160720348358 
0.09750210493803024 
0.1178397685289383 
0.11890371888875961 
0.12546782195568085 
0.08297882974147797 
0.09365460276603699 
0.09399758279323578 
0.11716949939727783 
0.06982962787151337 
0.13742412626743317 
0.09053106606006622 
0.12594720721244812 
0.10281344503164291 
0.09007725119590759 
0.10623254626989365 
0.0804712250828743 
0.09338170289993286 
0.12422095239162445 
0.09497957676649094 
0.0982372909784317 
0.12558771669864655 
0.09055600315332413 
0.11076068878173828 
0.13739952445030212 
0.11166687309741974 
0.07596838474273682 
0.1002751961350441 
0.10031303018331528 
0.10629762709140778 
0.08847470581531525 
0.12087607383728027 
0.09111953526735306 
0.08967781811952591 
0.07793645560741425 
0.1670074164867401 
0.10436888039112091 
0.15592235326766968 
0.07951319962739944 
0.09115777909755707 
0.12323753535747528 
0.12437807023525238 
0.10895431041717529 
0.10931088775396347 
0.0873437374830246 
0.09282531589269638 
0.0868324339389801 
0.09003157913684845 
0.10248899459838867 
0.13076193630695343 
0.09967716038227081 
0.0698191374540329 
0.13824960589408875 
0.09712310135364532 
0.12386713922023773 
0.07734199613332748 
0.10098908841609955 
0.09546592831611633 
0.08488191664218903 
0.11751023679971695 
0.10272949934005737 
0.12224654853343964 
0.08493579924106598 
0.08948026597499847 
0.1065467968583107 
0.11042968928813934 
0.07710956782102585 
0.07569129019975662 
0.13897094130516052 
0.10167499631643295 
0.09383721649646759 
0.11115376651287079 
0.07543233036994934 
0.08854980766773224 
0.09731591492891312 
0.10569671541452408 
0.08814440667629242 
0.08435571938753128 
0.07360199838876724 
0.1095280647277832 
0.06967716664075851 
0.08860670775175095 
