0.6544169187545776 
0.557265043258667 
0.42881155014038086 
0.371283620595932 
0.3819226920604706 
0.3891734778881073 
0.32885870337486267 
0.3603445887565613 
0.34504014253616333 
0.4093068242073059 
0.37362825870513916 
0.38041335344314575 
0.3739021420478821 
0.35829707980155945 
0.3230533003807068 
0.35348525643348694 
0.33267542719841003 
0.34100234508514404 
0.337392657995224 
0.32343992590904236 
0.3081883192062378 
0.34024861454963684 
0.3100866377353668 
0.2959495186805725 
0.2997540235519409 
0.2830841541290283 
0.3357113003730774 
0.2886759340763092 
0.27116304636001587 
0.29699942469596863 
0.2696855664253235 
0.29681915044784546 
0.2581503987312317 
0.28806862235069275 
0.3074135184288025 
0.2607523798942566 
0.22712650895118713 
0.27516549825668335 
0.30468252301216125 
0.279047429561615 
0.23952476680278778 
0.26470381021499634 
0.2541736662387848 
0.27200812101364136 
0.2616550326347351 
0.2506254315376282 
0.24946367740631104 
0.2610057592391968 
0.2534485459327698 
0.24622932076454163 
0.20926673710346222 
0.2797808051109314 
0.24531826376914978 
0.2483246624469757 
0.23781433701515198 
0.2476992905139923 
0.23931798338890076 
0.2669188380241394 
0.21673476696014404 
0.246598482131958 
0.19962754845619202 
0.18857716023921967 
0.19184747338294983 
0.24708528816699982 
0.20245066285133362 
0.22325420379638672 
0.20132076740264893 
0.2475098818540573 
0.2328842431306839 
0.25226733088493347 
0.20273777842521667 
0.20643052458763123 
0.23452644050121307 
0.2427663505077362 
0.2176322638988495 
0.21932998299598694 
0.2646186053752899 
0.1916888952255249 
0.24108357727527618 
0.19589750468730927 
0.23506692051887512 
0.20260122418403625 
0.2886466383934021 
0.22225968539714813 
0.2263168841600418 
0.20728294551372528 
0.23908591270446777 
0.2200172245502472 
0.18812958896160126 
0.19250398874282837 
0.23880472779273987 
0.21577593684196472 
0.198757141828537 
0.22673551738262177 
0.19491350650787354 
0.2182825356721878 
0.18717417120933533 
0.2245641052722931 
0.22300250828266144 
0.19599124789237976 
0.2044193297624588 
0.18520323932170868 
0.21092116832733154 
0.224749356508255 
0.1791207641363144 
0.18879000842571259 
0.18537384271621704 
0.1943121701478958 
0.2036583125591278 
0.1965339630842209 
0.15110601484775543 
0.19465936720371246 
0.18488331139087677 
0.19608977437019348 
0.16839943826198578 
0.1465720683336258 
0.1715991199016571 
0.17827634513378143 
0.16295984387397766 
0.2083573341369629 
0.1822584867477417 
0.18314553797245026 
0.1276518553495407 
0.19215773046016693 
0.17067411541938782 
0.15328505635261536 
0.17922553420066833 
0.1797846406698227 
0.18826375901699066 
0.15664534270763397 
0.16528066992759705 
0.1744779795408249 
0.17721647024154663 
0.1638229787349701 
0.1323375254869461 
0.16405121982097626 
0.16385909914970398 
0.1715681254863739 
0.17995108664035797 
0.18095079064369202 
0.1372189223766327 
0.1329590380191803 
0.15950709581375122 
0.15063831210136414 
0.16800792515277863 
0.1390661895275116 
0.14018890261650085 
0.14949411153793335 
0.16492584347724915 
0.14776885509490967 
0.1732483208179474 
0.16064362227916718 
0.15723425149917603 
0.1313941329717636 
0.1479412019252777 
0.12316771596670151 
0.13192936778068542 
0.1526549756526947 
0.19634538888931274 
0.13323961198329926 
0.1582474708557129 
0.16398337483406067 
0.17359265685081482 
0.14057429134845734 
0.14001581072807312 
0.15048250555992126 
0.16772232949733734 
0.1363985687494278 
0.15739628672599792 
0.14906898140907288 
0.1617317497730255 
0.15296640992164612 
0.1327754557132721 
0.1588485836982727 
0.15492114424705505 
0.1283176690340042 
0.1271483153104782 
0.12482382357120514 
0.1461215317249298 
0.13117623329162598 
0.14378827810287476 
0.14275458455085754 
0.13721312582492828 
0.14959029853343964 
0.1814614236354828 
0.12416009604930878 
0.1362602412700653 
0.1260766237974167 
0.1258687525987625 
0.12454880774021149 
0.13656724989414215 
0.1341053545475006 
0.1294815093278885 
0.14520181715488434 
0.1414724588394165 
0.10881505906581879 
0.12779101729393005 
0.13603632152080536 
0.15845417976379395 
0.16163931787014008 
0.150206059217453 
0.13510505855083466 
0.11093629896640778 
0.13447903096675873 
0.12555405497550964 
0.12901893258094788 
0.12055899202823639 
0.11868856102228165 
0.14517560601234436 
0.12162306159734726 
0.13400372862815857 
0.11532770097255707 
0.1379757821559906 
0.13968415558338165 
0.12819649279117584 
0.11655376106500626 
0.12571711838245392 
0.1275160312652588 
0.10988036543130875 
0.1429836004972458 
0.14705179631710052 
0.1273680478334427 
0.1320962756872177 
0.10906825214624405 
0.1360422819852829 
0.12067834287881851 
0.10196574032306671 
0.1175873726606369 
0.1526983678340912 
0.1122657060623169 
0.1683519333600998 
0.11196019500494003 
0.1256263703107834 
0.10400620847940445 
0.185773566365242 
0.11304197460412979 
0.12478723376989365 
0.1259235292673111 
0.12619540095329285 
0.14314892888069153 
0.10491269826889038 
0.11518523842096329 
0.1266973912715912 
0.1234908476471901 
0.10249032080173492 
0.14663290977478027 
0.13903845846652985 
0.11685792356729507 
0.10706984996795654 
0.09624150395393372 
0.11951883137226105 
0.13985006511211395 
0.12325173616409302 
0.10333357751369476 
0.11389269679784775 
0.1128547340631485 
0.12705303728580475 
0.09577381610870361 
0.12490378320217133 
0.12443648278713226 
0.09624676406383514 
0.10274025052785873 
0.10205614566802979 
0.08201102912425995 
0.15695443749427795 
0.10808734595775604 
0.10829021781682968 
0.07176881283521652 
0.11673712730407715 
0.12016239017248154 
0.1265953928232193 
0.1166791319847107 
0.10164620727300644 
0.13368962705135345 
0.1071222648024559 
0.10609427839517593 
0.12200317531824112 
0.08158234506845474 
0.10408882051706314 
0.10336959362030029 
0.10613086074590683 
0.09652688354253769 
0.10091322660446167 
0.11779282242059708 
0.09708456695079803 
0.09039799124002457 
0.11401257663965225 
0.10028155893087387 
0.11920207738876343 
0.10746096074581146 
0.12815432250499725 
0.08770811557769775 
0.08712594211101532 
0.12602216005325317 
0.10349655151367188 
0.12873327732086182 
0.09021415561437607 
0.0972389429807663 
0.09667472541332245 
0.10432615131139755 
0.10298570245504379 
0.09120472520589828 
0.09227786958217621 
0.10734152793884277 
0.10561809688806534 
0.08233194053173065 
0.12158477306365967 
0.132162943482399 
0.09357527643442154 
0.11178205907344818 
0.13184167444705963 
0.12380419671535492 
0.10184872150421143 
0.09040695428848267 
0.10096075385808945 
0.10065679252147675 
0.12226931005716324 
0.0965253934264183 
0.0960000604391098 
0.08262921124696732 
0.12231715768575668 
0.10762834548950195 
0.10423596203327179 
0.07843039929866791 
0.10652972757816315 
0.14179888367652893 
0.11430633068084717 
0.10456595569849014 
0.09824007749557495 
0.08830993622541428 
0.10782573372125626 
0.09366335719823837 
0.11093465238809586 
0.09006093442440033 
0.09660390019416809 
0.10084265470504761 
0.11019937694072723 
0.12072634696960449 
0.09501548111438751 
0.12127651274204254 
0.09983835369348526 
0.12266012281179428 
0.11052469164133072 
0.08686140924692154 
0.09547562152147293 
0.10579635202884674 
0.09090755879878998 
0.10989408195018768 
0.1093844398856163 
0.10678555816411972 
0.0988127738237381 
0.12324726581573486 
0.07855530828237534 
0.10435707867145538 
0.1107332855463028 
0.10905911028385162 
0.09649253636598587 
0.09508886933326721 
0.09571177512407303 
0.09687691926956177 
0.09948759526014328 
0.09200842678546906 
0.11481138318777084 
0.10617230832576752 
0.11881746351718903 
0.10538411140441895 
0.11599411070346832 
0.07552877068519592 
0.10407385975122452 
0.12141402065753937 
0.07535657286643982 
0.11957118660211563 
0.13163278996944427 
0.08478213846683502 
0.10659702867269516 
0.09796909242868423 
0.10460219532251358 
0.07742533087730408 
0.08249489963054657 
0.09226624667644501 
0.09362544119358063 
0.1094113364815712 
0.09825409948825836 
0.10946299880743027 
0.10676499456167221 
0.09523533284664154 
0.1157068982720375 
0.09363424777984619 
0.07813017070293427 
0.10664329677820206 
0.0800984650850296 
0.09578429907560349 
0.0962943285703659 
0.11719616502523422 
0.09656911343336105 
0.0874919444322586 
0.08085185289382935 
0.0986047014594078 
0.11034081131219864 
0.07237443327903748 
0.07455766946077347 
0.1008567214012146 
0.11348418891429901 
0.09157989919185638 
0.08650573343038559 
0.11503241956233978 
0.08460969477891922 
0.1350453794002533 
0.0925360918045044 
0.10019741207361221 
0.05906650424003601 
0.08468063175678253 
0.07514292746782303 
0.11609464883804321 
0.07053186744451523 
0.08358888328075409 
0.07782198488712311 
0.09387753158807755 
0.08719537407159805 
0.12562623620033264 
0.08795753121376038 
0.1242712140083313 
0.0992528647184372 
0.09533838927745819 
0.07653246074914932 
0.1300751119852066 
0.10143949091434479 
0.09856104105710983 
0.10606082528829575 
0.09202458709478378 
0.09967101365327835 
0.12879778444766998 
0.10272900015115738 
0.10112346708774567 
0.10495094954967499 
0.08962712436914444 
0.11667408049106598 
0.08564503490924835 
0.09225435554981232 
0.08756504952907562 
0.09690655022859573 
0.10682880878448486 
0.09219016134738922 
0.09905274212360382 
0.08894103765487671 
0.11287222802639008 
0.09668347984552383 
0.08130396902561188 
0.09148762375116348 
0.08325580507516861 
0.10544285923242569 
0.08482140302658081 
0.14595626294612885 
0.1007470116019249 
0.06960251182317734 
0.10537855327129364 
0.09989853203296661 
0.08958490937948227 
0.09381812810897827 
0.0758378878235817 
0.08738905191421509 
0.08633247762918472 
0.11819814145565033 
0.10505902767181396 
0.09318457543849945 
0.12567391991615295 
0.11817476898431778 
0.11206718534231186 
0.08920428156852722 
0.093113973736763 
0.15987569093704224 
0.0848691314458847 
0.10118541866540909 
0.08667843788862228 
0.09788750857114792 
0.08412317931652069 
0.11122183501720428 
0.06737171113491058 
0.10688553750514984 
0.0791701003909111 
0.11735682189464569 
0.10728160291910172 
0.0996585562825203 
0.07734024524688721 
0.11175410449504852 
0.10059032589197159 
0.09199921786785126 
0.10516971349716187 
0.11140459775924683 
0.10098979622125626 
0.12369384616613388 
0.11486254632472992 
0.09781782329082489 
0.07028079777956009 
0.10826347768306732 
0.09075817465782166 
0.08654987066984177 
0.09880699962377548 
0.0872693583369255 
0.08835961669683456 
0.10858263075351715 
0.09940183907747269 
0.12423217296600342 
0.08895494043827057 
0.10279538482427597 
0.06762149184942245 
0.07918401062488556 
0.07462232559919357 
0.08973343670368195 
0.10421708971261978 
0.0790027529001236 
0.07388065755367279 
0.09744018316268921 
0.09581482410430908 
0.08488167077302933 
0.10173951089382172 
0.12001510709524155 
0.13893632590770721 
0.08670113235712051 
0.10335461795330048 
0.1064402312040329 
0.10784945636987686 
0.1183144673705101 
0.08697143942117691 
0.10011185705661774 
0.07393502444028854 
0.12887702882289886 
0.08589088171720505 
0.07592205703258514 
0.11580924689769745 
0.08953363448381424 
0.13396692276000977 
0.07900839298963547 
0.07632187753915787 
0.06180514022707939 
0.1113872081041336 
0.05878125876188278 
0.12065120786428452 
0.08916999399662018 
0.11429116874933243 
0.08843766897916794 
0.13534584641456604 
0.09183274209499359 
0.12686169147491455 
0.10491005331277847 
0.11545370519161224 
0.08679196983575821 
0.11360491812229156 
0.08419867604970932 
0.13382203876972198 
0.10342526435852051 
0.13020500540733337 
0.10412255674600601 
0.12198754400014877 
0.07380525767803192 
0.13854216039180756 
0.11475763469934464 
0.1298886388540268 
0.11540339142084122 
0.08237620443105698 
0.10342298448085785 
0.12368372827768326 
0.10598454624414444 
0.09870487451553345 
0.08458976447582245 
0.07758719474077225 
0.10137920081615448 
0.08298951387405396 
0.0987246185541153 
0.0490274578332901 
0.10740023851394653 
0.08341749012470245 
0.10452524572610855 
0.10875171422958374 
0.08173742890357971 
0.09109608083963394 
0.09225176274776459 
0.06983184069395065 
0.10225019603967667 
0.09935911744832993 
0.11360757052898407 
0.10316021740436554 
0.06003867834806442 
0.07720106840133667 
0.11661386489868164 
0.09966148436069489 
0.08959318697452545 
0.12921825051307678 
0.07221496105194092 
0.12719717621803284 
0.09543753415346146 
0.0781341940164566 
0.08266942203044891 
0.1059512048959732 
0.08750960975885391 
0.10939662158489227 
0.09158478677272797 
0.07409785687923431 
0.08436594903469086 
0.10340031236410141 
0.09705250710248947 
0.06629963219165802 
0.09484867751598358 
0.06580741703510284 
0.07475864887237549 
0.09292268007993698 
0.07314568012952805 
0.10712412744760513 
0.07887569069862366 
0.10563908517360687 
0.06041557714343071 
0.08108748495578766 
0.05811452120542526 
0.0867353156208992 
0.062092047184705734 
0.09774855524301529 
0.08717354387044907 
0.12162280082702637 
0.09929003566503525 
0.09791100025177002 
0.07777585089206696 
0.12014684826135635 
0.08152817189693451 
0.12948402762413025 
0.09337169677019119 
0.09052120894193649 
0.11097975075244904 
0.1061898022890091 
0.08527763932943344 
0.07495450973510742 
0.10076253116130829 
0.09698253124952316 
0.06678798794746399 
0.11830013990402222 
0.07272777706384659 
0.09785448014736176 
0.07777748256921768 
0.08115334808826447 
0.10193739831447601 
0.07994352281093597 
0.09224788844585419 
0.08260886371135712 
0.12238796800374985 
0.06988917291164398 
0.07102246582508087 
0.1073680967092514 
0.11472088098526001 
0.07175908237695694 
0.11780212074518204 
0.10158984363079071 
0.10584859549999237 
0.0922597274184227 
0.1018911600112915 
0.09813045710325241 
0.08985893428325653 
0.11029380559921265 
0.0733458623290062 
0.0940486490726471 
0.09698008000850677 
0.09736277908086777 
0.10366072505712509 
0.07511760294437408 
0.08571871370077133 
0.09239647537469864 
0.08138985186815262 
0.08632964640855789 
0.12827317416667938 
0.11186607927083969 
0.07881400734186172 
0.09681451320648193 
0.06719715893268585 
0.08833836019039154 
0.1149115115404129 
0.10286162793636322 
0.08535652607679367 
0.07068058848381042 
0.0738682746887207 
0.06428796052932739 
0.09765569865703583 
0.07324590533971786 
0.0717901661992073 
0.09167786687612534 
0.06759436428546906 
0.06050725653767586 
0.09185917675495148 
0.09530560672283173 
0.11878976970911026 
0.0795147567987442 
0.1225176453590393 
0.09180953353643417 
0.09995896369218826 
0.08561268448829651 
0.09358097612857819 
0.0940423384308815 
0.07528165727853775 
0.08871449530124664 
0.07439495623111725 
0.10797218233346939 
0.1053505688905716 
0.09471393376588821 
0.09487476199865341 
0.07425250113010406 
0.10808398574590683 
0.0729215070605278 
0.09465733915567398 
0.08491086214780807 
0.10089002549648285 
0.11670340597629547 
0.12080893665552139 
0.06985487043857574 
0.06376884132623672 
0.07816275954246521 
0.08513469994068146 
0.09013015031814575 
0.09897298365831375 
0.12730185687541962 
0.07004182040691376 
0.10650807619094849 
0.0746423527598381 
0.08306391537189484 
0.10340078920125961 
0.08827242255210876 
0.09057201445102692 
0.09234510362148285 
0.11495479196310043 
0.09400752186775208 
0.0753462091088295 
0.0929126963019371 
0.09608247876167297 
0.08782719820737839 
0.10338858515024185 
0.0927673801779747 
0.0709603875875473 
0.08121012151241302 
0.07585623860359192 
0.06035750359296799 
0.09029761701822281 
0.09040262550115585 
0.08028710633516312 
0.13228586316108704 
0.07301436364650726 
0.07952090352773666 
0.07588065415620804 
0.1152564063668251 
0.0510580949485302 
0.10721974074840546 
0.07822055369615555 
0.11052000522613525 
0.10474412143230438 
0.11681393533945084 
0.06598137319087982 
0.09220772236585617 
0.070552296936512 
0.055633313953876495 
0.12022240459918976 
0.09495373070240021 
0.10225345194339752 
0.06652002781629562 
0.06352723389863968 
0.08235135674476624 
0.10710295289754868 
0.09487538784742355 
0.08789809048175812 
0.04632243141531944 
0.0971328467130661 
0.0832904651761055 
0.13004373013973236 
0.0982680469751358 
0.08042390644550323 
0.07483623921871185 
0.11141011863946915 
0.06618006527423859 
0.12745854258537292 
0.09540639072656631 
0.11738194525241852 
0.12073220312595367 
0.11320428550243378 
0.10729943215847015 
0.11457870900630951 
0.07085975259542465 
0.15789982676506042 
0.06675661355257034 
0.15205739438533783 
0.09005583822727203 
0.09769954532384872 
0.07163330912590027 
0.07684312760829926 
0.10765200853347778 
0.0552317313849926 
0.11393263190984726 
0.13196471333503723 
0.09309795498847961 
0.08094292134046555 
0.10806763172149658 
0.08940871804952621 
0.11464282125234604 
0.09583796560764313 
0.11443255096673965 
0.08296262472867966 
0.1279493272304535 
0.07666672766208649 
0.08385759592056274 
0.09761939942836761 
0.09896347671747208 
0.0856650248169899 
0.0848441869020462 
0.09065534919500351 
0.09484320133924484 
0.06731296330690384 
0.08294571936130524 
0.07483555376529694 
0.12082988023757935 
0.07924207299947739 
0.11173985153436661 
0.05411873385310173 
0.0662071481347084 
0.06723606586456299 
0.08517247438430786 
0.08068127185106277 
0.12300820648670197 
0.0968361347913742 
0.060885749757289886 
0.14213190972805023 
0.0946396067738533 
0.12141785770654678 
0.10876034200191498 
0.085783451795578 
0.11185469478368759 
0.10285808891057968 
0.13249370455741882 
0.0909455269575119 
0.10160587728023529 
0.09591718018054962 
0.1188773363828659 
0.0852552056312561 
0.12696200609207153 
0.10210379213094711 
0.07322040945291519 
0.09422841668128967 
0.06884314864873886 
0.10490654408931732 
0.06730643659830093 
0.10730650275945663 
0.06675807386636734 
0.0763448029756546 
0.07263035327196121 
0.09175178408622742 
0.10669238865375519 
0.11376138776540756 
0.09478424489498138 
0.09472833573818207 
0.09356315433979034 
0.09829089045524597 
0.08719255775213242 
0.10488257557153702 
0.09426862746477127 
0.07158589363098145 
0.09858320653438568 
0.07503732293844223 
0.12801173329353333 
0.08973149210214615 
0.11249054968357086 
0.09462516754865646 
0.11187829822301865 
0.11004453897476196 
0.13826526701450348 
0.10525061190128326 
0.09735029935836792 
0.08035449683666229 
0.10007554292678833 
0.10114409029483795 
0.08092270791530609 
0.09228663146495819 
0.08000920712947845 
0.12404052913188934 
0.09433946013450623 
0.10568920522928238 
0.09061264246702194 
0.09052126109600067 
0.090394988656044 
0.07609163224697113 
0.10438127815723419 
0.09987109899520874 
0.12917350232601166 
0.09519395977258682 
0.10503647476434708 
0.10800129175186157 
0.08613607287406921 
0.08796071261167526 
0.07888036966323853 
0.09884891659021378 
0.0745992511510849 
0.08942366391420364 
0.09931813925504684 
0.0828448086977005 
0.08601747453212738 
0.06928722560405731 
0.09672876447439194 
0.07027024775743484 
0.07975417375564575 
0.07430563867092133 
0.08876179903745651 
0.06593449413776398 
0.07300354540348053 
0.08994560688734055 
0.09078409522771835 
0.09105579555034637 
0.08621402084827423 
0.07878635823726654 
0.08825571835041046 
0.07883704453706741 
0.09154662489891052 
0.08375576138496399 
0.08617735654115677 
0.0911068320274353 
0.064124695956707 
0.10814940929412842 
0.07883599400520325 
0.19718427956104279 
0.09254554659128189 
0.08891529589891434 
0.10648582875728607 
0.09251618385314941 
0.07205502688884735 
0.1241208165884018 
0.08430562168359756 
0.16692465543746948 
0.0852491706609726 
0.0805913433432579 
0.0855502337217331 
0.07098989188671112 
0.08203907310962677 
0.04135892540216446 
0.10844142735004425 
0.08002327382564545 
0.10590716451406479 
0.05634148046374321 
0.08201922476291656 
0.19901452958583832 
0.15681500732898712 
0.14333030581474304 
0.0742260217666626 
0.11157524585723877 
0.08277975022792816 
0.10476889461278915 
0.0602303147315979 
0.08543840050697327 
0.06742887198925018 
0.0854967013001442 
0.10562416166067123 
0.0627436712384224 
0.08267869055271149 
0.08225258439779282 
0.09924588352441788 
0.08617845922708511 
0.0692443698644638 
0.06211395189166069 
0.13658849895000458 
0.08176938444375992 
0.10540304332971573 
0.09884881973266602 
0.09092704951763153 
0.06795020401477814 
0.06523451209068298 
0.10993386805057526 
0.05337141826748848 
0.0952119380235672 
0.07896830141544342 
0.07943128049373627 
0.09376673400402069 
0.07250708341598511 
0.15466096997261047 
0.05881791561841965 
0.10114623606204987 
0.10014891624450684 
0.07171477377414703 
0.10631589591503143 
0.18608836829662323 
0.07732762396335602 
0.10033608973026276 
0.07946659624576569 
0.0789615735411644 
0.08307181298732758 
0.06709955632686615 
0.07537666708230972 
0.09782668203115463 
0.06570553779602051 
0.07438679784536362 
0.07356883585453033 
0.06657327711582184 
0.16331662237644196 
0.11939679086208344 
0.07144976407289505 
0.06991386413574219 
0.12682084739208221 
0.05899494141340256 
0.1009296402335167 
0.0542060025036335 
0.0966554507613182 
0.09783889353275299 
