0.6990638375282288 
0.5606504678726196 
0.4855373501777649 
0.5816682577133179 
0.5267401933670044 
0.4978620409965515 
0.4720662236213684 
0.5317797064781189 
0.44441524147987366 
0.44312387704849243 
0.3707864284515381 
0.3751439154148102 
0.35581105947494507 
0.4419988989830017 
0.3237493336200714 
0.37089163064956665 
0.31429633498191833 
0.4066007137298584 
0.32277899980545044 
0.3627086877822876 
0.2844681143760681 
0.36946478486061096 
0.2927793860435486 
0.3626059293746948 
0.29449668526649475 
0.3395927846431732 
0.26364752650260925 
0.3384462594985962 
0.3315839171409607 
0.32924798130989075 
0.29406169056892395 
0.2826761305332184 
0.27136290073394775 
0.27335846424102783 
0.2660225033760071 
0.29577404260635376 
0.23287174105644226 
0.2697198987007141 
0.26897579431533813 
0.27809011936187744 
0.2361527383327484 
0.3210380971431732 
0.26672956347465515 
0.2975640296936035 
0.21353110671043396 
0.2577676475048065 
0.23761875927448273 
0.25889158248901367 
0.20047500729560852 
0.27620208263397217 
0.20864149928092957 
0.22925765812397003 
0.26489442586898804 
0.23970818519592285 
0.22603583335876465 
0.2565195560455322 
0.2829422354698181 
0.2161957025527954 
0.2650252878665924 
0.2623324990272522 
0.2892807126045227 
0.24700191617012024 
0.2512287199497223 
0.25512605905532837 
0.2494385540485382 
0.27348822355270386 
0.24085357785224915 
0.23572131991386414 
0.22063055634498596 
0.2762511968612671 
0.26842373609542847 
0.2545870542526245 
0.2190922051668167 
0.2567288279533386 
0.2339736968278885 
0.2743256390094757 
0.20439119637012482 
0.24894380569458008 
0.18948149681091309 
0.2532486617565155 
0.301289826631546 
0.2191370725631714 
0.28726905584335327 
0.24636411666870117 
0.21669809520244598 
0.21974703669548035 
0.23692640662193298 
0.24395501613616943 
0.2367744892835617 
0.2579687237739563 
0.2651223838329315 
0.20176462829113007 
0.24946162104606628 
0.2131410837173462 
0.25191134214401245 
0.19781693816184998 
0.2232762575149536 
0.19960546493530273 
0.19436374306678772 
0.2037372887134552 
0.1847379505634308 
0.20239289104938507 
0.23263032734394073 
0.19409334659576416 
0.2648356854915619 
0.19215717911720276 
0.26237085461616516 
0.16461613774299622 
0.29276230931282043 
0.20645229518413544 
0.2130385935306549 
0.19156762957572937 
0.196518674492836 
0.20189359784126282 
0.23418207466602325 
0.18290050327777863 
0.1860656887292862 
0.2019038200378418 
0.21337535977363586 
0.2656872868537903 
0.21418312191963196 
0.22103166580200195 
0.2224569022655487 
0.17916610836982727 
0.20514245331287384 
0.173287495970726 
0.19489586353302002 
0.2085016667842865 
0.18872931599617004 
0.1738467812538147 
0.1916865110397339 
0.22498580813407898 
0.18780510127544403 
0.2182009518146515 
0.17766240239143372 
0.16501596570014954 
0.2356991320848465 
0.2178199738264084 
0.16820178925991058 
0.21571071445941925 
0.1645914614200592 
0.19099871814250946 
0.1718098670244217 
0.21215882897377014 
0.16970904171466827 
0.1985446810722351 
0.1688530445098877 
0.2011093646287918 
0.17419399321079254 
0.22978425025939941 
0.16088739037513733 
0.18822024762630463 
0.12735983729362488 
0.1639091670513153 
0.1593961864709854 
0.22585566341876984 
0.1908448189496994 
0.1740134209394455 
0.24714159965515137 
0.20264239609241486 
0.16115239262580872 
0.21218600869178772 
0.1484191119670868 
0.18472492694854736 
0.14641761779785156 
0.22145751118659973 
0.1859475076198578 
0.16195103526115417 
0.18424414098262787 
0.1614055186510086 
0.15678562223911285 
0.18406334519386292 
0.16004079580307007 
0.2063785046339035 
0.15024855732917786 
0.13823451101779938 
0.15237249433994293 
0.12999245524406433 
0.16980326175689697 
0.11508182436227798 
0.17171424627304077 
0.15729522705078125 
0.1535920798778534 
0.14403849840164185 
0.16377341747283936 
0.12992505729198456 
0.1678057163953781 
0.11866216361522675 
0.1381159871816635 
0.12965558469295502 
0.17713646590709686 
0.14797942340373993 
0.16090920567512512 
0.1786816269159317 
0.12461166083812714 
0.1555195152759552 
0.1482742875814438 
0.17989559471607208 
0.1664772927761078 
0.14410656690597534 
