0.7439686059951782 
0.5971708297729492 
0.4563005566596985 
0.450936496257782 
0.3879682421684265 
0.459665447473526 
0.45006003975868225 
0.4719422459602356 
0.43823695182800293 
0.42200011014938354 
0.40576738119125366 
0.40667635202407837 
0.37404197454452515 
0.423572838306427 
0.369364857673645 
0.40014520287513733 
0.37819910049438477 
0.407944917678833 
0.39740613102912903 
0.35748618841171265 
0.3412460684776306 
0.342815101146698 
0.32708680629730225 
0.35479575395584106 
0.3341234028339386 
0.3359634280204773 
0.32785671949386597 
0.34885039925575256 
0.32567358016967773 
0.3401859402656555 
0.3219847083091736 
0.3125803470611572 
0.31597524881362915 
0.3374684453010559 
0.3474828004837036 
0.3026564419269562 
0.2910628318786621 
0.2988189160823822 
0.3098260164260864 
0.303711861371994 
0.3265250027179718 
0.3218436539173126 
0.33114954829216003 
0.30764058232307434 
0.3040238320827484 
0.3054501414299011 
0.27217593789100647 
0.28774264454841614 
0.2936791777610779 
0.2908955216407776 
0.2911812663078308 
0.27471572160720825 
0.26242536306381226 
0.27451398968696594 
0.29809725284576416 
0.2750038802623749 
0.2394564151763916 
0.26708120107650757 
0.2952495217323303 
0.2853906750679016 
0.2563708424568176 
0.27674490213394165 
0.2616271376609802 
0.25825005769729614 
0.2398357093334198 
0.25158780813217163 
0.2653213143348694 
0.2577708959579468 
0.2698264718055725 
0.26196765899658203 
0.28175121545791626 
0.22771446406841278 
0.264218807220459 
0.22468213737010956 
0.29309964179992676 
0.22362247109413147 
0.25444889068603516 
0.21493414044380188 
0.23485246300697327 
0.21906009316444397 
0.20409396290779114 
0.25803592801094055 
0.26152747869491577 
0.22576448321342468 
0.23883089423179626 
0.26300638914108276 
0.22752706706523895 
0.26416561007499695 
0.21033325791358948 
0.2168045938014984 
0.21476700901985168 
0.21391598880290985 
0.194644033908844 
0.22047512233257294 
0.19014409184455872 
0.1922909915447235 
0.23834705352783203 
0.21272778511047363 
0.2569432556629181 
0.1993080973625183 
0.22279520332813263 
0.21421471238136292 
0.21987394988536835 
0.18286392092704773 
0.24529144167900085 
0.22321224212646484 
0.20302391052246094 
0.2221858948469162 
0.22950387001037598 
0.22929701209068298 
0.21532747149467468 
0.22077102959156036 
0.18641343712806702 
0.20783045887947083 
0.21612831950187683 
0.20491011440753937 
0.2659570872783661 
0.1841346025466919 
0.19689349830150604 
0.18758323788642883 
0.1997772753238678 
0.20903229713439941 
0.19506992399692535 
0.19895388185977936 
0.2063187062740326 
0.2153095006942749 
0.19909673929214478 
0.19602873921394348 
0.2404206097126007 
0.2058398425579071 
0.18050310015678406 
0.17777927219867706 
0.20234425365924835 
0.17850802838802338 
0.18252085149288177 
0.1869203895330429 
0.17550162971019745 
0.14358988404273987 
0.25587236881256104 
0.15069040656089783 
0.22930677235126495 
0.18721488118171692 
0.2166309654712677 
0.1848142445087433 
0.1841152310371399 
0.19541636109352112 
0.18381473422050476 
0.18287250399589539 
0.1829165369272232 
0.1767122745513916 
0.17931760847568512 
0.20599648356437683 
0.20989403128623962 
0.19777286052703857 
0.1843247264623642 
0.1735202968120575 
0.18216051161289215 
0.19133397936820984 
0.2058066576719284 
0.18840058147907257 
0.18649126589298248 
0.18846559524536133 
0.20506450533866882 
0.19227340817451477 
0.15537752211093903 
0.1667887568473816 
0.20969507098197937 
0.1898498237133026 
0.20990820229053497 
0.17729339003562927 
0.1956416666507721 
0.18195900321006775 
0.16970756649971008 
0.16090433299541473 
0.17534799873828888 
0.1849519908428192 
0.17541703581809998 
0.18309570848941803 
0.1939552128314972 
0.19571563601493835 
0.16192755103111267 
0.18513858318328857 
0.2132364809513092 
0.17452998459339142 
0.20835748314857483 
0.1866791993379593 
0.15269723534584045 
0.17993316054344177 
0.2099178284406662 
0.1671375036239624 
0.15383833646774292 
0.16482789814472198 
0.18062321841716766 
0.1825217455625534 
0.1791524440050125 
0.17859074473381042 
0.14800532162189484 
0.18913260102272034 
0.14753784239292145 
0.16435512900352478 
0.16845908761024475 
0.15355071425437927 
0.17749057710170746 
0.1554541438817978 
0.18984505534172058 
0.18651951849460602 
0.20233675837516785 
0.16672995686531067 
0.15945953130722046 
0.19690848886966705 
0.14970311522483826 
0.17742004990577698 
0.1467210203409195 
0.16456542909145355 
0.1654559224843979 
0.20185473561286926 
0.18364852666854858 
0.16861771047115326 
0.1445920169353485 
0.15821994841098785 
0.15691515803337097 
0.14696715772151947 
0.20655448734760284 
0.1781509667634964 
0.18237313628196716 
0.19351932406425476 
0.1261604130268097 
0.16351816058158875 
0.18512636423110962 
0.16405543684959412 
0.1487501561641693 
0.17201469838619232 
0.14475615322589874 
0.15729880332946777 
0.1719380021095276 
0.1486363261938095 
0.17464259266853333 
0.16631563007831573 
0.13282713294029236 
0.17888060212135315 
0.15479402244091034 
0.13994748890399933 
0.169760063290596 
0.15694560110569 
0.13964290916919708 
0.1859135776758194 
0.12071654945611954 
0.14537784457206726 
0.1373491883277893 
0.12564143538475037 
0.129640594124794 
0.1381727159023285 
0.14910176396369934 
0.13636071979999542 
0.14192642271518707 
0.12262265384197235 
0.13377228379249573 
0.13302938640117645 
0.14918124675750732 
0.14127834141254425 
0.1540786772966385 
0.1477125734090805 
0.12949879467487335 
0.15596427023410797 
0.16019029915332794 
0.11513463407754898 
0.16668589413166046 
0.1548355370759964 
0.16551345586776733 
0.1142200231552124 
0.16313427686691284 
0.12644009292125702 
0.1505141258239746 
0.13222917914390564 
0.12524554133415222 
0.13736602663993835 
0.15244148671627045 
0.1533648818731308 
0.15420003235340118 
0.14132365584373474 
0.13230031728744507 
0.15946367383003235 
0.1624789834022522 
0.10769633948802948 
0.14772270619869232 
0.13646258413791656 
0.1216566190123558 
0.10966263711452484 
0.10538332164287567 
0.12068478018045425 
0.11004966497421265 
0.12958018481731415 
0.11121650040149689 
0.1501796990633011 
0.11949300765991211 
0.09927575290203094 
0.10973292589187622 
0.10249698162078857 
0.10087434947490692 
0.10107439756393433 
0.111819326877594 
0.09675876796245575 
0.11163251101970673 
0.11209835112094879 
0.09170772135257721 
0.10539247840642929 
0.09731187671422958 
0.1055184155702591 
0.09843499958515167 
0.11310721933841705 
0.12648555636405945 
0.11386612802743912 
0.1233353242278099 
0.08866123110055923 
0.11196170747280121 
0.08762604743242264 
0.12218580394983292 
0.10676126182079315 
0.11258524656295776 
0.09545551240444183 
0.09622173011302948 
0.11907394975423813 
0.11666872352361679 
0.12395910918712616 
0.11598030477762222 
0.10148155689239502 
0.08064443618059158 
0.09954095631837845 
0.12775960564613342 
0.13223707675933838 
0.12719932198524475 
0.1274593621492386 
0.12439066171646118 
0.12960824370384216 
0.0979526937007904 
0.11241123825311661 
0.12733963131904602 
0.12979432940483093 
0.10965801775455475 
0.10741674900054932 
0.1037144884467125 
0.11039147526025772 
0.11041615903377533 
0.10480616986751556 
0.10822787135839462 
0.09512289613485336 
0.10293811559677124 
0.0952504575252533 
0.08113361150026321 
0.0932883471250534 
0.10854955017566681 
0.09733788669109344 
0.09086086601018906 
0.09904463589191437 
0.08918862789869308 
0.11704142391681671 
0.09689729660749435 
0.09677381813526154 
0.07908149063587189 
0.09588563442230225 
0.09263543784618378 
0.12719741463661194 
0.10188896954059601 
0.13628752529621124 
0.11037041991949081 
0.11027272045612335 
0.10234922170639038 
0.08978773653507233 
0.1173819750547409 
0.07975716888904572 
0.09079409390687943 
0.1045580506324768 
0.09833838045597076 
0.11284355074167252 
0.12168367952108383 
0.07058564573526382 
0.09901721775531769 
0.1257319450378418 
0.0754159688949585 
0.13876977562904358 
0.08542776107788086 
0.09192546457052231 
0.07476019859313965 
0.12529347836971283 
0.07837722450494766 
0.11754504591226578 
0.09207059442996979 
0.10818256437778473 
0.08268730342388153 
0.13173507153987885 
0.09721582382917404 
0.10903823375701904 
0.09442758560180664 
0.08512133359909058 
0.0939670279622078 
0.10507271438837051 
0.11178372800350189 
0.12470079958438873 
0.09321161359548569 
0.09339791536331177 
0.09922881424427032 
0.09734776616096497 
0.07725999504327774 
0.10784387588500977 
0.11021919548511505 
0.12536212801933289 
0.09611211717128754 
0.10630136728286743 
0.08145924657583237 
0.10613077878952026 
0.08331309258937836 
0.09556402266025543 
0.09847267717123032 
0.09758314490318298 
0.08658211678266525 
0.0805942490696907 
0.12920904159545898 
0.07939419895410538 
0.08922584354877472 
0.0872134119272232 
0.09962386637926102 
0.09624743461608887 
0.081295445561409 
0.07781131565570831 
0.10806967318058014 
0.09967289865016937 
0.07042479515075684 
0.0906527191400528 
0.08779345452785492 
0.08463697135448456 
0.122633196413517 
0.08642861992120743 
0.07550168037414551 
0.08152370899915695 
0.08561383187770844 
0.07468941807746887 
0.0927642360329628 
0.0770496129989624 
0.10077375173568726 
0.08075794577598572 
0.08245441317558289 
0.10243944823741913 
0.0894145593047142 
0.08927027881145477 
0.08076407015323639 
0.08178295195102692 
0.09405018389225006 
0.10020817816257477 
0.08916592597961426 
0.0775468647480011 
0.10003770887851715 
0.08406620472669601 
0.07742105424404144 
0.07571792602539062 
0.07443272322416306 
0.10584001243114471 
0.1012314110994339 
0.11842288076877594 
0.09720166772603989 
0.09220146387815475 
0.1073404923081398 
0.07654491811990738 
0.08263656497001648 
0.07255830615758896 
0.08320953696966171 
0.07617322355508804 
0.099235400557518 
0.0758114829659462 
0.08254193514585495 
0.0797288566827774 
0.08607517182826996 
0.09103915095329285 
0.09468653798103333 
0.08736683428287506 
0.07865507900714874 
0.08999978750944138 
0.07772698253393173 
0.08983941376209259 
0.11186005175113678 
0.11708484590053558 
0.08396048843860626 
0.1162889376282692 
0.07895715534687042 
0.1267627328634262 
0.09019239991903305 
0.10297676175832748 
0.08796510100364685 
0.08228669315576553 
0.07969904690980911 
0.0828552097082138 
0.08547103404998779 
0.07626166194677353 
0.09707636386156082 
0.0855780690908432 
0.08601002395153046 
0.09268210828304291 
0.09402249753475189 
0.08952678740024567 
0.05552877113223076 
0.0982888713479042 
0.07184626162052155 
0.08751784265041351 
0.08049099147319794 
0.07001097500324249 
0.0948454886674881 
0.0795053020119667 
0.11991941928863525 
0.10164763033390045 
0.12014476209878922 
0.08099309355020523 
0.1083577424287796 
0.10155664384365082 
0.08507507294416428 
0.09363961219787598 
0.07228068262338638 
0.0614866204559803 
0.08090171217918396 
0.07074185460805893 
0.10528943687677383 
0.08679136633872986 
0.07785095274448395 
0.1096428632736206 
0.10929195582866669 
0.10407601296901703 
0.08307568728923798 
0.08150903880596161 
0.061926983296871185 
0.09042749553918839 
0.10467060655355453 
0.11051382124423981 
0.07649426907300949 
0.08113794773817062 
0.07977999746799469 
0.11396008729934692 
0.05965350940823555 
0.08647126704454422 
0.08700983226299286 
0.08893591165542603 
0.06689737737178802 
0.08137767016887665 
0.0879424437880516 
0.06982528418302536 
0.09657733142375946 
0.08574847131967545 
0.08928810060024261 
0.0775599405169487 
0.08861400187015533 
0.08629275858402252 
0.08849312365055084 
0.09096106141805649 
0.09705590456724167 
0.09578072279691696 
0.09085457026958466 
0.10154930502176285 
0.10828515142202377 
0.11484302580356598 
0.07601474225521088 
0.08800233155488968 
0.10913363844156265 
0.1026800274848938 
0.12592558562755585 
0.0999094620347023 
0.12122257798910141 
0.09898753464221954 
0.09156989306211472 
0.08866942673921585 
0.1017741709947586 
0.11329343169927597 
0.12762680649757385 
0.09462188929319382 
0.1068001538515091 
0.09814976900815964 
0.09118932485580444 
0.08565349131822586 
0.10677848756313324 
0.08971689641475677 
0.08009207993745804 
0.09882185608148575 
0.10504491627216339 
0.07701069116592407 
0.07840406894683838 
0.10461677610874176 
0.0858926922082901 
0.08352388441562653 
0.10643485933542252 
0.0782223790884018 
0.12430957704782486 
0.07418785244226456 
0.09769456088542938 
0.08125166594982147 
0.08427669107913971 
0.09737943857908249 
0.06172127649188042 
0.07952528446912766 
0.08095650374889374 
0.08492103964090347 
0.08455516397953033 
0.0895116999745369 
0.08120414614677429 
0.09357048571109772 
0.10013499110937119 
0.09283212572336197 
0.09365912526845932 
0.0730205848813057 
0.07736127078533173 
0.08892343193292618 
0.08474733680486679 
0.12551453709602356 
0.07757221162319183 
0.13035739958286285 
0.0792757123708725 
0.10425937175750732 
0.10710255056619644 
0.11268137395381927 
0.07431365549564362 
0.09105448424816132 
0.06193827837705612 
0.09189976751804352 
0.08460558950901031 
0.10333526134490967 
0.11511161178350449 
0.09249483048915863 
0.09437598288059235 
0.10012227296829224 
0.07080395519733429 
0.06626006215810776 
0.08629364520311356 
0.08978424966335297 
0.09150928258895874 
0.10104604810476303 
0.07990176230669022 
0.0887078121304512 
0.10825236141681671 
0.08793025463819504 
0.07267124950885773 
0.1043008416891098 
0.0782887190580368 
0.07785496860742569 
0.08011697232723236 
0.11004090309143066 
0.07587170600891113 
0.07575030624866486 
0.07125111669301987 
0.08714126795530319 
0.09713172912597656 
0.08393902331590652 
0.10284620523452759 
0.09033992886543274 
0.0923076942563057 
0.08972258865833282 
0.11622198671102524 
0.07845520973205566 
0.08626150339841843 
0.10983754694461823 
0.06867603957653046 
0.07791538536548615 
0.09146740287542343 
0.08519931137561798 
0.10393679141998291 
0.09857496619224548 
0.08003900945186615 
0.10311881452798843 
0.056746989488601685 
0.09012915939092636 
0.06985396891832352 
0.10321585834026337 
0.09918399155139923 
0.084516242146492 
0.06607665121555328 
0.10341322422027588 
0.07715260237455368 
0.07849370688199997 
0.06209288164973259 
0.11065389961004257 
0.10023553669452667 
0.10944227129220963 
0.08141199499368668 
0.10054972022771835 
0.11601410061120987 
0.09665895998477936 
0.09799718111753464 
0.10477898269891739 
0.073740653693676 
0.09906669706106186 
0.1182287186384201 
0.08495686203241348 
0.09743479639291763 
0.08897556364536285 
0.08804754912853241 
0.1080256849527359 
0.08303450793027878 
0.11868192255496979 
0.08465297520160675 
0.06644041836261749 
0.07899437844753265 
0.12674039602279663 
0.07968346774578094 
0.14469671249389648 
0.0902286097407341 
0.13201966881752014 
0.11354108154773712 
0.09265218675136566 
0.10121016204357147 
0.11661014705896378 
0.09846040606498718 
0.10079586505889893 
0.10780255496501923 
0.10381821542978287 
0.08764677494764328 
0.08455176651477814 
0.10212714970111847 
0.09190036356449127 
0.0719589814543724 
0.12260415405035019 
0.10575614869594574 
0.07179941236972809 
0.0914350301027298 
0.10608072578907013 
0.08084943145513535 
0.1077592521905899 
0.12326864898204803 
0.10992015898227692 
0.08822818845510483 
0.08823129534721375 
0.08714823424816132 
0.09608186781406403 
0.08012587577104568 
0.08845862001180649 
0.11640230566263199 
0.10451962053775787 
0.0826016217470169 
0.07518835365772247 
0.10238160192966461 
0.09300824999809265 
0.07675277441740036 
0.06348675489425659 
0.10072185099124908 
0.08528865873813629 
0.10078190267086029 
0.09600085765123367 
0.09992695599794388 
0.10419034957885742 
0.09806641936302185 
0.09478388726711273 
0.07127466797828674 
0.09352858364582062 
0.07978782802820206 
0.09788529574871063 
0.07751640677452087 
0.11592547595500946 
0.07601819932460785 
0.10411040484905243 
0.09016428887844086 
0.08937740325927734 
0.09988611191511154 
0.11149414628744125 
0.11786488443613052 
0.08281832933425903 
0.10935841500759125 
0.09960226714611053 
0.10123802721500397 
0.07832632958889008 
0.13410267233848572 
0.07053203135728836 
0.07629375159740448 
0.10341547429561615 
0.07711401581764221 
0.14383341372013092 
0.07121284306049347 
0.07244376093149185 
0.10075155645608902 
0.08949895948171616 
0.10705810785293579 
0.06350637227296829 
0.07947437465190887 
0.07975433766841888 
0.058801036328077316 
0.0779641717672348 
0.07288724184036255 
0.07238718867301941 
0.06587401032447815 
0.09245486557483673 
0.095143623650074 
0.0899973213672638 
0.07397472858428955 
0.07437016814947128 
0.06373383104801178 
0.08675064146518707 
0.09677994251251221 
0.06373851001262665 
0.07211218774318695 
0.10760058462619781 
0.07810810208320618 
0.072174571454525 
0.054750990122556686 
0.07982220500707626 
0.08694508671760559 
0.08133192360401154 
0.09257502853870392 
0.06788735091686249 
0.05982651561498642 
0.0926893875002861 
0.0957261472940445 
0.06802278757095337 
0.08041962236166 
0.10180076211690903 
0.0414254367351532 
0.07005849480628967 
0.09642933309078217 
0.0801105722784996 
0.1078312024474144 
0.07609714567661285 
0.09759983420372009 
0.06759452819824219 
0.10277257859706879 
0.09004314988851547 
0.06730402261018753 
0.0675223097205162 
0.10217905044555664 
0.056968171149492264 
0.09745864570140839 
0.06567654758691788 
0.0913938358426094 
0.09065964818000793 
0.0901699811220169 
0.09589002281427383 
0.06575311720371246 
0.08177648484706879 
0.08380377292633057 
0.07790160179138184 
0.08700045943260193 
0.1141616478562355 
0.12398676574230194 
0.07385767996311188 
0.09636998921632767 
0.08607542514801025 
0.08467567712068558 
0.09738393127918243 
0.07643072307109833 
0.06792332977056503 
0.08900577574968338 
0.07552111148834229 
0.09520796686410904 
0.09527108818292618 
0.06935655325651169 
0.09470191597938538 
0.09815238416194916 
0.09567979723215103 
0.0917985588312149 
0.09861207753419876 
0.0710158571600914 
0.07356341183185577 
0.08022093027830124 
0.10675369203090668 
0.0940762460231781 
0.09272593259811401 
0.09514732658863068 
0.1110834926366806 
0.07561318576335907 
0.12053996324539185 
0.09072792530059814 
0.12650033831596375 
0.11194555461406708 
0.0997009128332138 
0.08465586602687836 
0.12719331681728363 
0.05910559371113777 
0.10321249067783356 
0.11145762354135513 
0.12370382249355316 
0.08273226767778397 
0.07530199736356735 
0.10806775093078613 
0.12422069162130356 
0.08357008546590805 
0.08542414754629135 
0.08159156143665314 
0.10736083984375 
0.11011596024036407 
0.10880213975906372 
0.110581174492836 
0.07921247184276581 
0.08566241711378098 
0.08118754625320435 
0.09825937449932098 
0.0637085884809494 
0.05976185202598572 
0.09905489534139633 
0.1080075055360794 
0.06543339043855667 
0.08236144483089447 
0.09194470942020416 
0.07811712473630905 
0.12246295064687729 
0.08044923841953278 
0.0933753103017807 
0.09692699462175369 
0.07799295336008072 
0.0715559870004654 
0.10262930393218994 
0.09500613063573837 
0.07253678888082504 
0.07769763469696045 
0.07483487576246262 
0.1006958931684494 
0.09052334725856781 
0.09535839408636093 
0.057795554399490356 
0.08341453969478607 
0.07736699283123016 
0.08641838282346725 
0.06791500002145767 
0.09102626144886017 
0.08043737709522247 
0.1251813918352127 
0.0844539925456047 
0.09644219279289246 
0.06873094290494919 
0.09857560694217682 
0.06214696168899536 
0.08345092833042145 
0.06571127474308014 
0.08638705313205719 
0.11409783363342285 
0.09786621481180191 
0.07410980761051178 
0.09358232468366623 
0.08899405598640442 
0.0873672366142273 
0.08911986649036407 
0.07171276956796646 
0.09028169512748718 
0.1007096990942955 
0.08464501798152924 
0.09488919377326965 
0.08081144094467163 
0.08073646575212479 
0.10193723440170288 
0.08827705681324005 
0.09332818537950516 
0.06713168323040009 
0.06257283687591553 
0.09416933357715607 
0.0808473527431488 
0.07689542323350906 
0.08004842698574066 
0.09221740067005157 
0.10263224691152573 
0.0783713161945343 
0.05545509606599808 
0.07669476419687271 
0.055669356137514114 
0.07405475527048111 
0.06782756745815277 
0.07437624782323837 
0.06922607868909836 
0.08215302973985672 
0.0923244059085846 
0.07494383305311203 
0.09092635661363602 
0.10621926933526993 
0.09496201574802399 
0.08059953153133392 
0.13971367478370667 
0.058509208261966705 
0.07916341722011566 
0.0822335034608841 
0.08360309153795242 
0.09359036386013031 
0.08978253602981567 
0.07471802830696106 
0.0663205161690712 
0.09885706007480621 
0.07922016084194183 
0.11615141481161118 
0.0684502050280571 
0.11851952970027924 
0.07960019260644913 
0.08726858347654343 
0.08172313868999481 
0.08201088756322861 
0.1098773255944252 
0.1153317540884018 
0.08258561044931412 
0.05333768203854561 
0.0613253191113472 
0.132013201713562 
0.08421342074871063 
0.11443305015563965 
0.07114850729703903 
0.05915465205907822 
0.07276825606822968 
0.09547995030879974 
0.04167183116078377 
0.09690617024898529 
0.09438402205705643 
0.08361591398715973 
0.08376702666282654 
0.07549696415662766 
0.1089874729514122 
