0.6356564164161682 
0.57837975025177 
0.49446263909339905 
0.46537166833877563 
0.44653505086898804 
0.5000362396240234 
0.4612153470516205 
0.46889930963516235 
0.43662208318710327 
0.44564491510391235 
0.42829442024230957 
0.4085302948951721 
0.36919301748275757 
0.4440222382545471 
0.393221914768219 
0.4384499192237854 
0.35084933042526245 
0.41507488489151 
0.34759214520454407 
0.3753996789455414 
0.34101590514183044 
0.3644445538520813 
0.3692449927330017 
0.359132319688797 
0.2996058464050293 
0.32932430505752563 
0.32699811458587646 
0.33051103353500366 
0.3178742527961731 
0.31410640478134155 
0.305459201335907 
0.30358177423477173 
0.3409164845943451 
0.2932209074497223 
0.24309083819389343 
0.3007889986038208 
0.25463369488716125 
0.2665456235408783 
0.2820299565792084 
0.29054784774780273 
0.24827122688293457 
0.26137372851371765 
0.25053897500038147 
0.2333844155073166 
0.2488507479429245 
0.2835872173309326 
0.263560950756073 
0.2280588448047638 
0.27099624276161194 
0.2363530844449997 
0.2301882803440094 
0.2188289910554886 
0.22268828749656677 
0.2282761037349701 
0.22477491199970245 
0.2374725341796875 
0.23520562052726746 
0.2516140043735504 
0.21837469935417175 
0.22947685420513153 
0.22852583229541779 
0.23247787356376648 
0.24190810322761536 
0.236373633146286 
0.21643488109111786 
0.2506873607635498 
0.20194730162620544 
0.21971651911735535 
0.2513135075569153 
0.2197655737400055 
0.25014543533325195 
0.2191847562789917 
0.22561177611351013 
0.21539509296417236 
0.19883395731449127 
0.18725839257240295 
0.20434732735157013 
0.1769217550754547 
0.21920013427734375 
0.22437353432178497 
0.18189965188503265 
0.21204189956188202 
0.22066166996955872 
0.20008328557014465 
0.21422262489795685 
0.17362858355045319 
0.20706093311309814 
0.21618688106536865 
0.20667655766010284 
0.19153383374214172 
0.18905238807201385 
0.17691002786159515 
0.22981508076190948 
0.18116962909698486 
0.17106634378433228 
0.20749148726463318 
0.1884617954492569 
0.17893186211585999 
0.19441521167755127 
0.19174835085868835 
0.17268434166908264 
0.17020732164382935 
0.19737114012241364 
0.17174574732780457 
0.16034367680549622 
0.1561078280210495 
0.17152070999145508 
0.16691601276397705 
0.20682093501091003 
0.17841343581676483 
0.16981926560401917 
0.172325998544693 
0.17730288207530975 
0.1559687852859497 
0.17038096487522125 
0.18715958297252655 
0.22548572719097137 
0.16656170785427094 
0.20805776119232178 
0.175137460231781 
0.18142026662826538 
0.1721983253955841 
0.17347170412540436 
0.1745193749666214 
0.17011943459510803 
0.19010399281978607 
0.15980298817157745 
0.1654399335384369 
0.1940615028142929 
0.16055737435817719 
0.16561760008335114 
0.1585536152124405 
0.16916713118553162 
0.18199920654296875 
0.169011652469635 
0.15118999779224396 
0.14799612760543823 
0.1553613394498825 
0.19234564900398254 
0.1501585841178894 
0.20363767445087433 
0.15815815329551697 
0.16429051756858826 
0.1530701220035553 
0.1311855912208557 
0.1365761011838913 
0.196623295545578 
0.15762385725975037 
0.17679031193256378 
0.17045283317565918 
0.14865145087242126 
0.14162997901439667 
0.14452025294303894 
0.17780159413814545 
0.15443864464759827 
0.15718881785869598 
0.16812460124492645 
0.14197853207588196 
0.14636562764644623 
0.16493822634220123 
0.1624419242143631 
0.18466290831565857 
0.16959285736083984 
0.12172694504261017 
0.16128358244895935 
0.14322513341903687 
0.1450221836566925 
0.1422261893749237 
0.15359076857566833 
0.14191369712352753 
0.11920548975467682 
0.1674381047487259 
0.16245564818382263 
0.15288624167442322 
0.13803362846374512 
0.15714439749717712 
0.14582698047161102 
0.14265063405036926 
0.15188445150852203 
0.1552952080965042 
0.1367008537054062 
0.16986194252967834 
0.11988045275211334 
0.1467995047569275 
0.13891497254371643 
0.13063140213489532 
0.14202918112277985 
0.1213873028755188 
0.14256438612937927 
0.1329878568649292 
0.15741051733493805 
0.15062940120697021 
0.15630286931991577 
0.10758373886346817 
0.126687690615654 
0.1438429057598114 
0.15394923090934753 
0.12878724932670593 
0.12012255191802979 
0.12584272027015686 
0.1417539417743683 
0.148899644613266 
0.13333770632743835 
0.1588616669178009 
0.12465962022542953 
0.12047165632247925 
0.12668342888355255 
0.1275690644979477 
0.1452372819185257 
0.12371095269918442 
0.1470886766910553 
0.1295105516910553 
0.1636967658996582 
0.13760647177696228 
0.13994620740413666 
0.10499012470245361 
0.14434471726417542 
0.13270017504692078 
0.125554621219635 
0.18379680812358856 
0.13960562646389008 
0.13428927958011627 
0.14862196147441864 
0.13099411129951477 
0.1078258529305458 
0.11339197307825089 
0.11162590980529785 
0.14691247045993805 
0.11161796003580093 
0.11013922840356827 
0.14446184039115906 
0.10342130810022354 
0.15490329265594482 
0.10969232022762299 
0.12714412808418274 
0.11029310524463654 
0.11459485441446304 
0.12340635061264038 
0.1255839616060257 
0.09879912436008453 
0.14775626361370087 
0.13670571148395538 
0.15690425038337708 
0.12025551497936249 
0.098817840218544 
0.12473008781671524 
0.11117099225521088 
0.12805619835853577 
0.12779167294502258 
0.11009325832128525 
0.13599573075771332 
0.12405310571193695 
0.1355966031551361 
0.16421504318714142 
0.11809457838535309 
0.1321972906589508 
0.1044209748506546 
0.11320561170578003 
0.10548017174005508 
0.12864211201667786 
0.10207925736904144 
0.10456313192844391 
0.11996416747570038 
0.11497882753610611 
0.11276531219482422 
0.08673069626092911 
0.13051798939704895 
0.12174522876739502 
0.12635453045368195 
0.1411266028881073 
0.08896765112876892 
0.1073426604270935 
0.12433483451604843 
0.15277943015098572 
0.09344900399446487 
0.12297569215297699 
0.13653257489204407 
0.12959733605384827 
0.11140371859073639 
0.08439416438341141 
0.11663000285625458 
0.11907422542572021 
0.11317102611064911 
0.12238774448633194 
0.1331186145544052 
0.11976971477270126 
0.11026181280612946 
0.12435276806354523 
0.098885677754879 
0.1346912682056427 
0.07407759130001068 
0.12755468487739563 
0.1012364849448204 
0.09955011308193207 
0.10203716903924942 
0.11293289810419083 
0.1025422215461731 
0.10187949985265732 
0.10381138324737549 
0.12336820363998413 
0.11540378630161285 
0.11977120488882065 
0.10491271317005157 
0.10854075849056244 
0.12196304649114609 
0.09879103302955627 
0.11105692386627197 
0.10647239536046982 
0.12756843864917755 
0.11569341272115707 
0.12543778121471405 
0.0868145078420639 
0.08919632434844971 
0.09648652374744415 
0.10500417649745941 
0.08393970876932144 
0.1022874116897583 
0.10847904533147812 
0.09635166823863983 
0.10265574604272842 
0.10679171979427338 
0.12184564769268036 
0.07652337104082108 
0.1173398345708847 
0.09137650579214096 
0.09374888241291046 
0.08866120874881744 
0.1264467090368271 
0.08115465193986893 
0.10623349994421005 
0.10974160581827164 
0.09026498347520828 
0.09860382974147797 
0.08523193746805191 
0.0818803533911705 
0.08363161981105804 
0.09116968512535095 
0.08738798648118973 
0.09240392595529556 
0.10451360046863556 
0.07624362409114838 
0.08816090226173401 
0.13215993344783783 
0.10090146213769913 
0.11069609224796295 
0.09454973042011261 
0.08360516279935837 
0.1038186326622963 
0.09708872437477112 
0.12458368390798569 
0.07742321491241455 
0.1219283938407898 
0.10730018466711044 
0.11106888949871063 
0.09554604440927505 
0.12118758261203766 
0.08114343881607056 
0.11456567049026489 
0.10877235978841782 
0.09912601858377457 
0.09063427150249481 
0.10775838047266006 
0.11737518012523651 
0.08983661234378815 
0.09188644587993622 
0.09306026995182037 
0.07896263897418976 
0.0995040088891983 
0.0900937020778656 
0.1047540158033371 
0.07540678977966309 
0.0951831191778183 
0.084095299243927 
0.09245764464139938 
0.10310250520706177 
0.11577577888965607 
0.13086754083633423 
0.09887886792421341 
0.098297618329525 
0.10722491890192032 
0.12025760114192963 
0.10074888169765472 
0.09486030042171478 
0.11055465042591095 
0.120579794049263 
0.11589968204498291 
0.10997670888900757 
0.09036850184202194 
0.08545605093240738 
0.12485464662313461 
0.08874674141407013 
0.0993775948882103 
0.09533528983592987 
0.1017582044005394 
0.10377909243106842 
0.1203622967004776 
0.09073950350284576 
0.11268524825572968 
0.09928753226995468 
0.12639771401882172 
0.10745873302221298 
0.12148217111825943 
0.10809475183486938 
0.09552554041147232 
0.10370998084545135 
0.08025204390287399 
0.11566700041294098 
0.08590907603502274 
0.09802990406751633 
0.09069192409515381 
0.07947326451539993 
0.08017010241746902 
0.11050611734390259 
0.08668875694274902 
0.13317975401878357 
0.0911896824836731 
0.10294441133737564 
0.0958903431892395 
0.11332585662603378 
0.11963701248168945 
0.14233554899692535 
0.10478954017162323 
0.10273291170597076 
0.10182090848684311 
0.0925574079155922 
0.11615703254938126 
0.10199233144521713 
0.0981520414352417 
0.09313187003135681 
0.12984226644039154 
0.11559834331274033 
0.10843975841999054 
0.08318722993135452 
0.11979818344116211 
0.08844376355409622 
0.09655442088842392 
0.064183309674263 
0.10141687095165253 
0.08264993131160736 
0.08622321486473083 
0.0944383293390274 
0.10145928710699081 
0.08513395488262177 
0.11405745893716812 
0.10304619371891022 
0.10544709861278534 
0.10951545089483261 
0.10285794734954834 
0.07575404644012451 
0.10917918384075165 
0.10084887593984604 
0.07128612697124481 
0.12012974172830582 
0.11608916521072388 
0.09533218294382095 
0.11737015098333359 
0.10941904783248901 
0.07923661172389984 
0.08128975331783295 
0.12450623512268066 
0.11695417016744614 
0.10579393059015274 
0.11134316772222519 
0.09177996963262558 
0.06394299119710922 
0.11650705337524414 
0.09138904511928558 
0.08720140159130096 
0.12182619422674179 
0.09235157072544098 
0.11411307007074356 
0.1155567541718483 
0.10338211059570312 
0.11101583391427994 
0.10085892677307129 
0.11120225489139557 
0.10130580514669418 
0.08883407711982727 
0.14719489216804504 
0.14340822398662567 
0.09787894040346146 
0.11774440109729767 
0.11353890597820282 
0.11344735324382782 
0.11026023328304291 
0.09903517365455627 
0.08871213346719742 
0.0861830860376358 
0.09294786304235458 
0.10489407926797867 
0.09182996302843094 
0.09605628252029419 
0.0812184140086174 
0.09584397822618484 
0.09901893138885498 
0.10952939838171005 
0.08025375008583069 
0.1467537134885788 
0.09927964210510254 
0.11298976093530655 
0.09879276156425476 
0.09653468430042267 
0.10828699916601181 
0.10180066525936127 
0.09315887838602066 
0.10116098821163177 
0.10555565357208252 
0.07750029116868973 
0.07987148314714432 
0.11208333820104599 
0.11068252474069595 
0.06655699759721756 
0.10534729808568954 
0.08225254714488983 
0.10649408400058746 
0.09412091225385666 
0.09042712301015854 
0.10211089998483658 
0.08965165913105011 
0.06537891924381256 
0.12664569914340973 
0.08362165093421936 
0.08975746482610703 
0.08937694132328033 
0.09234101325273514 
0.12891241908073425 
0.08916785567998886 
0.08063527941703796 
0.09965723752975464 
0.09557009488344193 
0.08042958378791809 
0.09721802175045013 
0.09012696892023087 
0.0889660194516182 
0.08144406229257584 
0.10481490939855576 
0.0764981359243393 
0.08657282590866089 
0.08950906246900558 
0.09922342002391815 
0.09546341001987457 
0.0985659658908844 
0.13014709949493408 
0.06148042529821396 
0.09653694927692413 
0.06375313550233841 
0.13649441301822662 
0.08368655294179916 
0.11911375820636749 
0.07988857477903366 
0.10299352556467056 
0.08537992089986801 
0.11104892194271088 
0.07619888335466385 
0.1168631911277771 
0.07294434309005737 
0.10956192016601562 
0.11713995784521103 
0.14252685010433197 
0.10527573525905609 
0.14764508605003357 
0.09731045365333557 
0.09741295874118805 
0.11636130511760712 
0.10248038917779922 
0.09178613126277924 
0.11769330501556396 
0.07529295980930328 
0.11129692941904068 
0.0842953473329544 
0.11032469570636749 
0.09657059609889984 
0.07995542138814926 
0.09920971095561981 
0.08160053193569183 
0.10034970194101334 
0.07529117912054062 
0.09079397469758987 
0.0676107406616211 
0.09391377866268158 
0.09615376591682434 
0.10539001226425171 
0.08945950865745544 
0.07828153669834137 
0.09317955374717712 
0.0888432040810585 
0.07543715834617615 
0.09964435547590256 
0.09189894050359726 
0.10220100730657578 
0.10768220573663712 
0.10017897188663483 
0.0835684984922409 
0.10714677721261978 
0.10487760603427887 
0.10803809016942978 
0.08631894737482071 
0.09177583456039429 
0.08640814572572708 
0.09404446184635162 
0.09674839675426483 
0.08877426385879517 
0.09455446898937225 
0.10498975217342377 
0.07273596525192261 
0.10082022100687027 
0.09197293221950531 
0.08117629587650299 
0.06662798672914505 
0.10305394977331161 
0.11079202592372894 
0.07132559269666672 
0.10690616071224213 
0.0736793801188469 
0.10110877454280853 
0.10423550754785538 
0.09320621192455292 
0.08990026265382767 
0.06386575847864151 
0.10819580405950546 
0.07166726887226105 
0.10219894349575043 
0.07115878164768219 
0.08757182955741882 
0.08286626636981964 
0.07548243552446365 
0.08905475586652756 
0.11600516736507416 
0.07673132419586182 
0.07558175176382065 
0.07134982198476791 
0.07585347443819046 
0.08664997667074203 
0.06818027049303055 
0.08451385051012039 
0.08700325340032578 
0.10738545656204224 
0.0977967232465744 
0.10605869442224503 
0.08311337232589722 
0.09926494210958481 
0.08508285880088806 
0.06619887053966522 
0.11241036653518677 
0.0764140784740448 
0.1127147302031517 
0.06640880554914474 
0.07356390357017517 
0.10396641492843628 
0.08151350915431976 
0.08681177347898483 
0.09730105102062225 
0.10045725107192993 
0.07625291496515274 
0.07254217565059662 
0.07967115938663483 
0.05005621165037155 
0.08926267176866531 
0.05170563608407974 
0.11810137331485748 
0.07792703807353973 
0.09508727490901947 
0.08545500785112381 
0.10673306882381439 
0.08078121393918991 
0.10696355998516083 
0.0826704353094101 
0.05651942640542984 
0.09972856193780899 
0.07360801100730896 
0.09814392030239105 
0.07275521755218506 
0.09966935962438583 
0.08172155171632767 
0.09657209366559982 
0.10957759618759155 
0.11293874680995941 
0.07405121624469757 
0.06695248186588287 
0.09862669557332993 
0.08524914085865021 
0.08800312876701355 
0.07445685565471649 
0.09452322870492935 
0.09491997957229614 
0.0945647805929184 
0.11488224565982819 
0.11605334281921387 
0.09412377327680588 
0.11916270107030869 
0.10141927003860474 
0.0910743921995163 
0.08598800748586655 
0.06123065948486328 
0.08909782767295837 
0.08007977157831192 
0.08762562274932861 
0.14549632370471954 
0.09854096919298172 
0.10909022390842438 
0.054579418152570724 
0.0975252240896225 
0.13493826985359192 
0.0875306949019432 
0.10729257762432098 
0.08721333742141724 
0.1049041748046875 
0.08376006782054901 
0.07899732142686844 
0.0759795755147934 
0.07340537011623383 
0.09531854093074799 
0.06657294929027557 
0.13336846232414246 
0.10276522487401962 
0.11816097795963287 
0.10023842751979828 
0.09301654249429703 
0.08370134234428406 
0.08437301218509674 
0.07130739092826843 
0.0725974291563034 
0.07759657502174377 
0.08296298235654831 
0.10453067719936371 
0.16305726766586304 
0.07692434638738632 
0.10299508273601532 
0.06569043546915054 
0.09425748884677887 
0.0905333086848259 
0.10307677090167999 
0.08614413440227509 
0.12684181332588196 
0.07687139511108398 
0.10087279230356216 
0.0868544653058052 
0.11249721050262451 
0.09342404454946518 
0.1015041321516037 
0.0972515344619751 
0.10110564529895782 
0.07710594683885574 
0.11389070749282837 
0.06966806203126907 
0.10996532440185547 
0.053152166306972504 
0.11124251782894135 
0.1099204570055008 
0.09156797081232071 
0.056604474782943726 
0.10611889511346817 
0.06678733229637146 
0.1172805204987526 
0.08862999081611633 
0.09214640408754349 
0.07967148721218109 
0.0970236212015152 
0.08034835755825043 
0.10421675443649292 
0.07823679596185684 
0.0892372652888298 
0.0785149484872818 
0.12232353538274765 
0.07515306025743484 
0.09820030629634857 
0.057185254991054535 
0.09671936184167862 
0.07760298997163773 
0.09975159168243408 
0.13062267005443573 
0.1273067146539688 
0.0883052796125412 
0.11778286844491959 
0.08690127730369568 
0.0965433418750763 
0.09425939619541168 
0.10515687614679337 
0.09644300490617752 
0.09401828050613403 
0.11400730907917023 
0.10144151747226715 
0.07884441316127777 
0.1031593456864357 
0.09988649189472198 
0.12733818590641022 
0.05931558087468147 
0.10076981782913208 
0.06848720461130142 
0.0778445228934288 
0.06704138219356537 
0.06592986732721329 
0.08904463797807693 
0.09179927408695221 
0.06827011704444885 
0.0878518596291542 
0.0986214354634285 
0.09050926566123962 
0.11464142799377441 
0.09503716230392456 
0.07027722895145416 
0.06335122138261795 
0.09677493572235107 
0.10565507411956787 
0.11967464536428452 
0.1218668594956398 
0.09502826631069183 
0.07379422336816788 
0.08840582519769669 
0.07769287377595901 
0.0734240710735321 
0.11080916970968246 
0.0636969730257988 
0.12131132185459137 
0.0739874541759491 
0.13106954097747803 
0.07353026419878006 
0.1115403026342392 
0.08809739351272583 
0.12319580465555191 
0.08893924206495285 
0.10382990539073944 
0.10088223218917847 
0.07479369640350342 
0.14958180487155914 
0.08340925723314285 
0.10519246011972427 
0.1129196286201477 
0.09184328466653824 
0.09233217686414719 
0.11013688892126083 
0.08068205416202545 
0.07693389058113098 
0.09821459650993347 
0.059951603412628174 
0.11140187084674835 
0.08377639949321747 
0.09935200959444046 
0.09972584992647171 
0.10363693535327911 
0.11898253858089447 
0.09628404676914215 
0.1125710979104042 
0.09170742332935333 
0.10792236030101776 
0.08927718549966812 
0.11005949974060059 
0.09528646618127823 
0.09612514078617096 
0.09333836287260056 
0.10902558267116547 
0.06137145310640335 
0.07829757034778595 
0.10073047876358032 
0.10672082006931305 
0.1189800351858139 
0.10020442306995392 
0.12344954162836075 
0.08841188251972198 
0.09391917288303375 
0.11832630634307861 
0.07403925061225891 
0.09121719747781754 
0.08570335805416107 
0.09559193253517151 
0.10351423174142838 
0.13131071627140045 
0.08661223948001862 
0.1037340983748436 
0.0768730640411377 
0.11219402402639389 
0.0795472040772438 
0.06258849799633026 
0.0920274630188942 
0.09025267511606216 
0.1235806792974472 
0.11650796979665756 
0.11036117374897003 
0.11152432858943939 
0.08617153763771057 
0.10551492869853973 
0.07198935747146606 
0.19427576661109924 
0.07657720148563385 
0.10991580784320831 
0.08849766850471497 
0.09750460088253021 
0.0639503225684166 
0.12278276681900024 
0.06022180989384651 
0.11807012557983398 
0.08266176283359528 
0.10826246440410614 
0.0928860753774643 
0.09694601595401764 
0.09961550682783127 
0.15333528816699982 
0.11950472742319107 
0.13065898418426514 
0.10177820920944214 
0.13440708816051483 
0.15738341212272644 
0.11326895654201508 
0.08915893733501434 
0.07289161533117294 
0.10921871662139893 
0.12870845198631287 
0.10537470877170563 
0.09445875883102417 
0.1097918301820755 
0.07993707060813904 
0.09040775150060654 
0.1189376711845398 
0.07692275196313858 
0.12036953866481781 
0.07608968764543533 
0.12440433353185654 
0.07749932259321213 
0.0936422124505043 
0.10422982275485992 
0.08848808705806732 
0.08608247339725494 
0.13291920721530914 
0.06933382153511047 
0.1020328626036644 
0.07667224109172821 
0.09859190136194229 
0.09868200123310089 
0.1163787692785263 
0.08722025901079178 
0.08929860591888428 
0.08443283289670944 
0.10887885093688965 
0.11919005215167999 
0.10035417228937149 
0.13418270647525787 
0.1187465637922287 
0.10516391694545746 
0.1422095149755478 
0.12622129917144775 
0.11439242213964462 
0.09004376828670502 
0.08961740136146545 
0.09115038067102432 
0.11297087371349335 
0.10383369028568268 
0.10034475475549698 
0.09295526891946793 
0.0797601193189621 
0.09480983018875122 
0.09311487525701523 
0.10050151497125626 
0.06866570562124252 
0.09392892569303513 
0.10053075850009918 
0.10561778396368027 
0.07131978869438171 
0.08593051135540009 
0.0937076061964035 
0.08172981441020966 
0.08023244887590408 
0.09802158921957016 
0.07806695252656937 
0.09670040011405945 
0.07728148996829987 
0.08006323128938675 
0.08187535405158997 
0.09508054703474045 
0.13241438567638397 
0.09372999519109726 
0.09239010512828827 
0.07602798193693161 
0.12032029777765274 
0.07522142678499222 
0.1348421424627304 
0.05614656209945679 
0.05594189837574959 
0.06850554049015045 
0.10311233997344971 
0.09376257658004761 
0.06751275807619095 
0.08930084854364395 
0.06519336998462677 
0.07727154344320297 
0.10599736869335175 
0.06657401472330093 
0.0845106989145279 
0.07614276558160782 
0.06664770841598511 
0.08429960161447525 
0.11982782185077667 
0.12826697528362274 
0.061129819601774216 
0.10725747048854828 
0.07348746061325073 
0.12587997317314148 
0.0654035359621048 
0.07197301089763641 
0.08761003613471985 
0.09511588513851166 
